0.048270
0.060304
0.060269
0.048275
0.060282
0.060272
0.048262
0.060253
0.048274
0.060252
0.048278
0.048288
0.048285
0.060305
0.060275
0.048283
0.060264
0.060265
0.048296
0.060274
0.060282
0.048260
0.048276
0.060269
0.048271
0.060275
0.048280
0.048272
0.060277
0.048262
0.060273
0.060310
0.060302
0.048252
0.060293
0.060270
0.048256
0.060278
0.048275
0.060271
0.060259
0.060262
0.060270
0.060289
0.048303
0.060274
0.060300
0.060304
0.060288
0.060281
0.048265
0.060266
0.060271
0.060231
0.048308
0.060280
0.060251
0.060274
0.060291
0.060261
0.060312
0.060284
0.060289
0.048240
0.060275
0.060300
0.060302
0.060285
0.060270
0.060266
0.048280
0.060271
0.048272
0.060271
0.048318
0.048267
0.060286
0.060289
0.060296
0.060287
0.060298
0.060252
0.060290
0.060276
0.060289
0.060308
0.048265
0.048276
0.060265
0.060290
0.060276
0.060275
0.060271
0.060316
0.060269
0.060270
0.060288
0.060259
0.048264
0.060304
0.060283
0.060265
0.060286
0.060273
0.060295
0.060309
0.060277
0.060294
0.048263
0.048280
0.060260
0.060305
0.060267
0.060275
0.048300
0.048274
0.060267
0.060297
0.060287
0.048287
0.048283
0.060281
0.060287
0.048263
0.060275
0.060307
0.048293
0.060310
0.060286
0.060289
0.060280
0.048260
0.060273
0.060306
0.060264
0.060271
0.060268
0.060279
0.060302
0.060298
0.048287
0.048302
0.060292
0.060267
0.048262
0.060278
0.048279
0.048259
0.060282
0.060293
0.060302
0.060280
0.060284
0.060281
0.048249
0.060258
0.060288
0.060387
0.060282
0.060281
0.060299
0.060275
0.060274
0.060294
0.060280
0.048248
0.060300
0.060282
0.060288
0.060286
0.048268
0.060273
0.048286
0.060263
0.060263
0.060297
0.060265
0.060281
0.060270
0.060266
0.060263
0.060302
0.060304
0.060287
0.060267
0.060280
0.060320
0.048298
0.060273
0.060283
0.048264
0.060260
0.060302
0.060266
0.060291
0.060267
0.060297
0.060316
0.060274
0.060279
0.060291
0.060302
0.060295
0.060265
0.048282
0.060273
0.048275
0.048284
0.048284
0.060286
0.060280
0.060273
0.060282
0.060292
0.048269
0.048266
0.048267
0.060277
0.048259
0.060279
0.060273
0.060309
0.048273
0.060282
0.060236
0.060274
0.060248
0.060273
0.060286
0.060276
0.060294
0.048300
0.048260
0.048309
0.060283
0.048287
0.060258
0.060273
0.060312
0.060270
0.060284
0.060245
0.060286
0.048291
0.060269
0.060282
0.060289
0.060274
0.060265
0.060339
0.060265
0.060266
0.060275
0.048288
0.060278
0.048281
0.060291
0.048263
0.060303
0.060280
0.048284
0.060317
0.060280
0.048266
0.060259
0.060264
0.060299
0.060267
0.048276
0.048284
0.060315
0.060294
0.048307
0.060284
0.060288
0.060284
0.060292
0.060265
0.060268
0.048295
0.060271
0.048274
0.060278
0.048271
0.060258
0.060244
0.060258
0.048283
0.060284
0.060231
0.060273
0.060315
0.060275
0.060270
0.060279
0.048312
0.048288
0.060299
0.060253
0.060282
0.060296
0.048220
0.060262
0.060284
0.060247
0.060299
0.060295
0.060244
0.060263
0.060287
0.048289
0.048249
0.060276
0.048277
0.048274
0.060289
0.048273
0.060277
0.048266
0.060266
0.060272
0.060281
0.060282
0.060263
0.060276
0.060293
0.060252
0.060307
0.060318
0.060298
0.060274
0.060295
0.060291
0.048257
0.060294
0.060331
0.060276
0.060290
0.060282
0.048274
0.060294
0.048282
0.048291
0.060286
0.060292
0.060271
0.060266
0.048249
0.060301
0.060265
0.060295
0.048275
0.060297
0.060274
0.060294
0.060270
0.048273
0.060273
0.060271
0.060281
0.048272
0.060257
0.048271
0.060266
0.060301
0.060292
0.060274
0.060262
0.060311
0.048297
0.060324
0.060290
0.060298
0.060273
0.048277
0.060271
0.060274
0.060265
0.060267
0.060283
0.060262
0.048297
0.048261
0.060269
0.048284
0.060270
0.060276
0.048285
0.060310
0.060257
0.060290
0.060266
0.060273
0.048284
0.060285
0.060311
0.060284
0.060281
0.060317
0.060280
0.060266
0.060302
0.048290
0.060270
0.060295
0.048284
0.060291
0.060283
0.060284
0.060274
0.048276
0.060258
0.060264
0.060282
0.048249
0.060272
0.060279
0.060299
0.060263
0.060250
0.048229
0.060298
0.060275
0.060275
0.048276
0.060279
0.060256
0.048277
0.060279
0.060301
0.048265
0.060273
0.060277
0.060272
0.060313
0.060282
0.060304
0.060333
0.060269
0.060299
0.060266
0.048285
0.060303
0.048291
0.060301
0.060279
0.060266
0.060276
0.060275
0.060260
0.060258
0.060301
0.048331
0.048279
0.060273
0.060278
0.060270
0.060285
0.060261
0.048281
0.060279
0.060300
0.060288
0.060265
0.060280
0.048280
0.048277
0.060281
0.060271
0.060275
0.060301
0.060316
0.060268
0.048288
0.060288
0.060274
0.048286
0.060288
0.048280
0.048310
0.060282
0.060276
0.060298
0.060276
0.060280
0.060288
0.048274
0.060264
0.060266
0.048282
0.060305
0.060282
0.060274
0.048269
0.060241
0.048289
0.048257
0.060266
0.060298
0.048289
0.048250
0.048267
0.060251
0.060285
0.060291
0.060280
0.060285
0.060277
0.060285
0.060261
0.060281
0.060311
0.060312
0.048284
0.060277
0.048259
0.060273
0.060266
0.060274
0.060285
0.060271
0.048269
0.060280
0.060268
0.060274
0.060272
0.060298
0.060281
0.060268
0.060287
0.060293
0.060320
0.060261
0.060267
0.048276
0.060278
0.060277
0.060278
0.048275
0.060293
0.060272
0.060287
0.060279
0.060252
0.060296
0.060263
0.048269
0.048273
0.048267
0.060269
0.060274
0.048279
0.060282
0.060266
0.060293
0.060271
0.060284
0.060287
0.060259
0.060294
0.048274
0.048270
0.048316
0.060287
0.060273
0.060292
0.060297
0.060266
0.060275
0.048323
0.048275
0.060255
0.060279
0.060306
0.048268
0.060246
0.048295
0.060293
0.060278
0.060280
0.060281
0.060258
0.060223
0.060288
0.048288
0.060285
0.048304
0.048291
0.060235
0.060301
0.060265
0.048280
0.048285
0.060289
0.060296
0.060284
0.060265
0.060287
0.060278
0.060275
0.060280
0.048298
0.060254
0.048260
0.060281
0.060308
0.060228
0.048259
0.048238
0.060254
0.048271
0.060298
0.060282
0.060313
0.048297
0.060273
0.060277
0.048371
0.060215
0.060271
0.048302
0.060243
0.060243
0.060274
0.060491
0.048228
0.060300
0.060263
0.060263
0.060280
0.060268
0.060300
0.060262
0.048278
0.060264
0.060267
0.060266
0.060271
0.060288
0.060287
0.060254
0.060277
0.060273
0.060299
0.048300
0.048295
0.048288
0.060286
0.060223
0.060286
0.048234
0.048247
0.048263
0.060267
0.048249
0.060308
0.060284
0.060271
0.048261
0.048267
0.048287
0.060284
0.060266
0.060278
0.060264
0.060257
0.060263
0.060290
0.048225
0.048257
0.048282
0.060271
0.060281
0.048267
0.048281
0.048251
0.060304
0.060304
0.060288
0.048255
0.060272
0.060251
0.060255
0.048270
0.060258
0.060295
0.060287
0.060328
0.060287
0.060316
0.060261
0.048283
0.060277
0.060273
0.060280
0.060265
0.060284
0.060277
0.060300
0.060274
0.048269
0.060264
0.060269
0.060277
0.060261
0.060274
0.048260
0.060269
0.060268
0.060261
0.060322
0.060281
0.048300
0.048255
0.060269
0.048284
0.060276
0.060276
0.060289
0.060275
0.060272
0.060269
0.060269
0.060289
0.048297
0.048309
0.060257
0.060333
0.060280
0.060267
0.048284
0.060282
0.060277
0.048248
0.060289
0.060286
0.060292
0.060327
0.060285
0.060261
0.060297
0.060272
0.060279
0.048262
0.060284
0.060274
0.060301
0.060269
0.060269
0.060298
0.048243
0.048296
0.060304
0.060308
0.060286
0.060287
0.060281
0.048275
0.060272
0.048270
0.048277
0.060260
0.060307
0.060286
0.060273
0.060298
0.060264
0.048277
0.060261
0.060262
0.060263
0.048285
0.060275
0.060302
0.060273
0.048291
0.060274
0.060269
0.060259
0.060261
0.048269
0.060289
0.060272
0.060294
0.060264
0.048256
0.060256
0.060282
0.060276
0.060250
0.060304
0.060259
0.060303
0.060315
0.048334
0.048267
0.060283
0.060281
0.048259
0.060295
0.060311
0.060287
0.060279
0.060294
0.060273
0.048293
0.060283
0.060284
0.048272
0.048284
0.060268
0.060274
0.060297
0.060273
0.048253
0.060309
0.060270
0.048267
0.060311
0.060281
0.060259
0.048289
0.048293
0.060282
0.060282
0.060285
0.060280
0.060304
0.048262
0.060265
0.060270
0.060249
0.060286
0.060279
0.060289
0.060268
0.048266
0.060315
0.060275
0.048277
0.060270
0.060294
0.060253
0.048270
0.060281
0.060287
0.060283
0.048298
0.048273
0.048269
0.060268
0.060282
0.048284
0.048291
0.060286
0.060269
0.060279
0.060271
0.060269
0.048283
0.048280
0.060288
0.048276
0.060228
0.048270
0.060304
0.048272
0.060309
0.048313
0.060268
0.060264
0.060286
0.060271
0.060270
0.048290
0.060307
0.060281
0.060280
0.060271
0.060295
0.060291
0.060276
0.060278
0.060281
0.060251
0.060284
0.048274
0.048277
0.048290
0.060270
0.060277
0.060292
0.060278
0.060330
0.060275
0.060297
0.048270
0.060252
0.060264
0.048272
0.060278
0.060299
0.060281
0.060287
0.048282
0.060253
0.060288
0.060288
0.060297
0.060285
0.060280
0.060258
0.060245
0.060307
0.060270
0.060287
0.060306
0.060270
0.048271
0.048306
0.060281
0.060267
0.060278
0.060289
0.060254
0.060299
0.048229
0.060311
0.060272
0.060275
0.060286
0.060285
0.048264
0.060302
0.048278
0.060274
0.060293
0.048304
0.060329
0.060277
0.060272
0.060281
0.060282
0.060289
0.060258
0.060270
0.048281
0.048297
0.048271
0.048265
0.048298
0.060270
0.048279
0.060266
0.048290
0.060318
0.060266
0.060277
0.048272
0.060291
0.060279
0.060266
0.048277
0.060302
0.060265
0.060252
0.060291
0.048281
0.060272
0.060285
0.060288
0.048270
0.060278
0.060273
0.060269
0.048294
0.060279
0.060281
0.060297
0.060270
0.060271
0.048249
0.060290
0.060277
0.048294
0.060252
0.048240
0.060299
0.060272
0.060275
0.060278
0.060304
0.048333
0.060279
0.048283
0.060289
0.060270
0.060278
0.048269
0.060266
