0.012104
0.011969
0.011933
0.012019
0.011972
0.011977
0.011970
0.011995
0.011978
0.011980
0.011978
0.011975
0.011977
0.011980
0.010968
0.011984
0.011996
0.011955
0.011978
0.011976
0.011994
0.011969
0.011996
0.011969
0.011987
0.011981
0.011060
0.011981
0.011976
0.011981
0.011974
0.011985
0.011984
0.011977
0.011963
0.011990
0.011970
0.011991
0.011934
0.012018
0.010986
0.011992
0.011957
0.011967
0.012020
0.011966
0.011981
0.011987
0.011965
0.011994
0.011977
0.011985
0.011969
0.011030
0.011983
0.011978
0.011979
0.011978
0.011976
0.011976
0.011977
0.011991
0.011979
0.011994
0.011053
0.011989
0.011970
0.011971
0.011982
0.011990
0.011962
0.011984
0.011981
0.011986
0.023135
0.011979
0.011978
0.011983
0.011972
0.011994
0.011961
0.011989
0.011980
0.011969
0.011974
0.011991
0.011987
0.011978
0.011970
0.010943
0.011982
0.011983
0.011975
0.011969
0.011985
0.011966
0.011980
0.011982
0.011968
0.011994
0.011977
0.011978
0.010991
0.011982
0.011984
0.011969
0.011983
0.011986
0.011979
0.011963
0.023151
0.011994
0.011979
0.011959
0.011990
0.011977
0.011977
0.011978
0.011990
0.023143
0.012007
0.011949
0.011988
0.011977
0.011990
0.011978
0.011967
0.011987
0.011160
0.011979
0.011970
0.011979
0.011983
0.011982
0.011964
0.011983
0.011966
0.011132
0.011967
0.011993
0.011966
0.011991
0.011976
0.011973
0.011987
0.011975
0.011974
0.011991
0.011965
0.011992
0.011978
0.011950
0.011957
0.010849
0.012015
0.011995
0.011957
0.011996
0.011979
0.011971
0.011985
0.011963
0.011989
0.011981
0.011983
0.011044
0.011972
0.011971
0.011996
0.011973
0.011979
0.011984
0.011983
0.011964
0.011992
0.011974
0.011973
0.011989
0.011964
0.011989
0.011983
0.011956
0.012003
0.011982
0.022841
0.011973
0.011978
0.011980
0.011977
0.011973
0.011979
0.011994
0.011977
0.011978
0.011977
0.011978
0.011017
0.011981
0.011986
0.011978
0.011968
0.011981
0.011981
0.011973
0.011985
0.011963
0.011985
0.011977
0.011052
0.011992
0.011982
0.011972
0.011975
0.011994
0.011973
0.011955
0.011993
0.011980
0.011095
0.011975
0.011982
0.011974
0.011975
0.011976
0.011979
0.011975
0.011994
0.011962
0.011994
0.011975
0.011978
0.011002
0.011988
0.011974
0.011944
0.012010
0.011982
0.011977
0.011988
0.011969
0.011148
0.011992
0.011965
0.011979
0.011987
0.011972
0.011967
0.011985
0.011989
0.011978
0.011977
0.011984
0.011979
0.011939
0.022956
0.011973
0.011994
0.011976
0.011961
0.011989
0.011954
0.011996
0.011991
0.011126
0.011998
0.011969
0.011987
0.011976
0.011978
0.011984
0.011985
0.011962
0.011988
0.011969
0.011985
0.011973
0.011982
0.011983
0.011979
0.010916
0.011968
0.012006
0.011965
0.011980
0.011981
0.011981
0.011951
0.012009
0.011948
0.011991
0.011983
0.011055
0.011986
0.011972
0.011989
0.011972
0.011983
0.011952
0.012014
0.011968
0.011982
0.011968
0.011987
0.011026
0.011984
0.011972
0.011990
0.011970
0.011971
0.011991
0.011978
0.011979
0.011976
0.011950
0.011093
0.011979
0.011963
0.011992
0.011974
0.011993
0.011967
0.011978
0.011973
0.011981
0.011983
0.011974
0.011984
0.011980
0.011001
0.011978
0.011973
0.011988
0.011990
0.011967
0.011975
0.011209
0.011979
0.011980
0.011988
0.011964
0.011982
0.011984
0.011966
0.011986
0.011973
0.011979
0.011986
0.011980
0.010994
0.011989
0.011988
0.011970
0.011978
0.011974
0.011978
0.011984
0.011973
0.011993
0.011977
0.011964
0.011976
0.011977
0.011990
0.011947
0.022857
0.011984
0.011989
0.011968
0.011975
0.011982
0.011975
0.011978
0.023199
0.011965
0.011990
0.011965
0.011988
0.011972
0.011979
0.011981
0.011979
0.011977
0.011981
0.011980
0.011972
0.011016
0.011983
0.011976
0.011990
0.011980
0.011961
0.011983
0.011974
0.011988
0.011992
0.011965
0.011977
0.011062
0.011982
0.011983
0.011988
0.011962
0.011985
0.011973
0.011983
0.011973
0.011983
0.011988
0.023088
0.011989
0.011990
0.011970
0.011977
0.011981
0.011981
0.011992
0.011979
0.011965
0.011976
0.011973
0.023022
0.011996
0.011958
0.011986
0.011980
0.011267
0.011989
0.011966
0.011983
0.011978
0.011975
0.011984
0.011969
0.011986
0.011980
0.011979
0.011981
0.011983
0.011966
0.011989
0.011971
0.011978
0.010902
0.011996
0.011960
0.011983
0.011978
0.011980
0.011988
0.011967
0.011980
0.011994
0.011959
0.011982
0.011986
0.011024
0.011935
0.011995
0.011977
0.011987
0.011975
0.011986
0.011991
0.011959
0.011123
0.011989
0.011979
0.011977
0.011992
0.011987
0.011963
0.011986
0.011964
0.011975
0.011089
0.011963
0.011994
0.011976
0.011958
0.012003
0.011955
0.011995
0.011979
0.011975
0.011967
0.012002
0.011974
0.011966
0.011978
0.022960
0.011972
0.011972
0.011976
0.011977
0.012000
0.011972
0.011987
0.011979
0.011977
0.011981
0.011959
0.011975
0.011035
0.011981
0.011957
0.011998
0.011966
0.011990
0.011975
0.011977
0.011991
0.011975
0.011969
0.011095
0.011981
0.011976
0.011982
0.011978
0.011973
0.011982
0.011963
0.011973
0.012001
0.011981
0.011979
0.011979
0.022985
0.011980
0.011976
0.011979
0.011977
0.011989
0.011967
0.011979
0.011976
0.011966
0.012001
0.011977
0.011982
0.011036
0.011983
0.011962
0.011997
0.011978
0.011973
0.011975
0.011983
0.011977
0.011981
0.011963
0.011989
0.011970
0.011977
0.011993
0.011954
0.010936
0.011990
0.011947
0.011970
0.012003
0.011979
0.011984
0.011967
0.011989
0.011970
0.011985
0.011982
0.023059
0.011980
0.011976
0.011974
0.011985
0.011981
0.011974
0.011969
0.011992
0.011975
0.011975
0.011053
0.011974
0.011987
0.011977
0.011982
0.011967
0.011983
0.011974
0.011986
0.011982
0.011977
0.023104
0.011985
0.011972
0.011977
0.011967
0.011976
0.011975
0.012001
0.011972
0.011961
0.011993
0.011973
0.011973
0.010982
0.011973
0.011978
0.011975
0.011992
0.011950
0.011998
0.011964
0.011987
0.011981
0.011976
0.011979
0.011982
0.011978
0.011968
0.010954
0.011988
0.011974
0.011981
0.011965
0.011976
0.011991
0.011974
0.011979
0.011963
0.011978
0.011987
0.011975
0.010992
0.011989
0.011973
0.011979
0.011993
0.011961
0.011975
0.011979
0.011988
0.011975
0.011976
0.011992
0.011950
0.012002
0.022982
0.011972
0.011981
0.011968
0.011982
0.011988
0.011961
0.011990
0.011973
0.011092
0.012028
0.011964
0.011990
0.011972
0.011975
0.011979
0.011966
0.011989
0.011959
0.011015
0.011967
0.011981
0.011989
0.011961
0.011974
0.012003
0.011956
0.011997
0.011970
0.011951
0.010985
0.011980
0.012016
0.011987
0.011964
0.012015
0.011945
0.011952
0.011937
0.010820
0.012002
0.011965
0.011981
0.011984
0.012097
0.011886
0.011981
0.012023
0.011919
0.011996
0.011971
0.011954
0.022932
0.011858
0.011981
0.011989
0.011972
0.011980
0.011972
0.011991
0.011972
0.011976
0.011964
0.011983
0.010890
0.012025
0.011909
0.012007
0.012023
0.011901
0.012025
0.012028
0.011882
0.012009
0.012002
0.011965
0.022986
0.012028
0.011954
0.011910
0.011997
0.012004
0.011974
0.011953
0.011995
0.011970
0.011951
0.023033
0.011973
0.011953
0.011991
0.011975
0.011953
0.011972
0.011985
0.011967
0.011971
0.011988
0.011979
0.011967
0.011995
0.011952
0.011976
0.022862
0.011962
0.011980
0.011984
0.011967
0.011974
0.011986
0.011976
0.011986
0.011959
0.011966
0.011999
0.011973
0.011982
0.011985
0.022897
0.012000
0.011976
0.011983
0.011975
0.011982
0.011976
0.011978
0.011974
0.011977
0.011973
0.011987
0.011979
0.011979
0.010918
0.011982
0.011958
0.011980
0.011982
0.011983
0.011985
0.011954
0.011999
0.011966
0.011980
0.011977
0.011974
0.011977
0.011993
0.011964
0.011984
0.011976
0.011978
0.022758
0.011944
0.011902
0.012078
0.011972
0.011986
0.012009
0.011888
0.011978
0.011968
0.011006
0.012006
0.011921
0.012001
0.011931
0.012027
0.011973
0.011993
0.011974
0.011965
0.011986
0.011950
0.022978
0.011933
0.012011
0.011985
0.011932
0.011981
0.012001
0.011965
0.011963
0.012018
0.011945
0.010884
0.012036
0.011946
0.011962
0.011988
0.011980
0.011966
0.011998
0.011951
0.011991
0.011986
0.011924
0.010937
0.011991
0.012003
0.011935
0.011994
0.012002
0.011990
0.011979
0.012004
0.011936
0.011992
0.011928
0.012053
0.011966
0.010912
0.011977
0.011987
0.011965
0.011960
0.011993
0.011978
0.011927
0.012019
0.011981
0.011032
0.011969
0.011952
0.011997
0.011974
0.011986
0.011929
0.011952
0.012053
0.023149
0.011913
0.011996
0.011961
0.011985
0.011978
0.011972
0.011990
0.011961
0.011996
0.011976
0.011972
0.011968
0.011987
0.011976
0.011976
0.022843
0.011930
0.012020
0.011893
0.012031
0.011967
0.011984
0.011976
0.011976
0.011974
0.011987
0.011000
0.011979
0.011973
0.011982
0.011983
0.011975
0.011965
0.011996
0.011968
0.011972
0.011976
0.011978
0.011969
0.011933
0.010914
0.011984
0.011999
0.011976
0.011965
0.011968
0.012012
0.011986
0.011968
0.011977
0.011973
0.011983
0.011976
0.011973
0.011993
0.011978
0.011979
0.011972
0.011976
0.011991
0.010754
0.011986
0.011989
0.011968
0.011982
0.011984
0.011973
0.011971
0.012027
0.011936
0.011953
0.010949
0.011995
0.011973
0.011952
0.011990
0.011996
0.011989
0.011935
0.011996
0.011990
0.011971
0.012031
0.011927
0.011971
0.011978
0.011979
0.011975
0.010633
0.011985
0.012067
0.011923
0.011946
0.011986
0.011979
0.012112
0.011846
0.011942
0.011970
0.012024
0.012074
0.011977
0.010884
0.012014
0.011928
0.011994
0.012010
0.011956
0.011983
0.011984
0.011915
0.012002
0.012000
0.011965
0.011989
0.011990
0.022876
0.011981
0.011972
0.011977
0.011974
0.011975
0.011978
0.011968
0.011961
0.012015
