0.336816
0.347960
0.347891
0.335751
0.335866
0.347963
0.335847
0.335806
0.335943
0.347921
0.347946
0.347816
0.335687
0.348181
0.335736
0.335863
0.347895
0.348026
0.347771
0.347910
0.347861
0.347932
0.347829
0.335732
0.347974
0.335870
0.323647
0.348201
0.347827
0.347934
0.347959
0.347894
0.335662
0.348048
0.347850
0.335799
0.347997
0.347780
0.335847
0.335867
0.335937
0.360109
0.335645
0.348058
0.335669
0.348024
0.335733
0.348067
0.335694
0.335916
0.348035
0.335748
0.347954
0.335711
0.348103
0.347905
0.347851
0.348055
0.347677
0.347935
0.347771
0.335800
0.347953
0.335754
0.348107
0.335783
0.348009
0.347849
0.347862
0.347881
0.335795
0.347895
0.347989
0.335802
0.347942
0.347867
0.335814
0.347948
0.347912
0.335763
0.335911
0.360103
0.335650
0.347966
0.335842
0.347924
0.347904
0.347850
0.335816
0.347980
0.335772
0.335904
0.348033
0.347704
0.348007
0.335849
0.348088
0.347725
0.335754
0.335876
0.348968
0.347768
0.348020
0.335676
0.348041
0.335760
0.347987
0.347841
0.347954
0.347893
0.347781
0.347944
0.347881
0.347851
0.347913
0.347896
0.335753
0.348167
0.359926
0.335449
0.348176
0.347863
0.347752
0.348103
0.335657
0.347946
0.347950
0.335745
0.347973
0.335767
0.335955
0.347971
0.335785
0.347902
0.347915
0.335805
0.347899
0.347851
0.348030
0.347786
0.347912
0.347875
0.347926
0.347771
0.347995
0.335746
0.347943
0.348005
0.347824
0.335775
0.347915
0.335828
0.347943
0.347965
0.347824
0.347927
0.335730
0.335893
0.335910
0.348005
0.347803
0.347941
0.335713
0.335967
0.335882
0.348009
0.347895
0.347809
0.347908
0.347920
0.335760
0.335866
0.347940
0.347915
0.335708
0.348056
0.347896
0.347870
0.347862
0.347901
0.335841
0.348162
0.347619
0.335738
0.348018
0.335833
0.347960
0.347890
0.347917
0.335766
0.335903
0.347976
0.335758
0.348050
0.335777
0.347920
0.347865
0.347973
0.335644
0.348157
0.324875
0.335833
0.347934
0.335857
0.348069
0.347735
0.347914
0.347994
0.347824
0.335754
0.335911
0.335787
0.335816
0.335960
0.335890
0.348015
0.335795
0.347989
0.347888
0.347919
0.347860
0.335783
0.335842
0.347955
0.335859
0.347958
0.347811
0.335880
0.347967
0.347886
0.335743
0.348043
0.335771
0.347941
0.347901
0.347887
0.335773
0.335858
0.335800
0.348124
0.347832
0.347959
0.347829
0.335636
0.348081
0.335848
0.348017
0.335747
0.348019
0.347866
0.335730
0.347972
0.335836
0.347943
0.347947
0.335714
0.335819
0.348006
0.347862
0.347985
0.347909
0.347770
0.348109
0.347641
0.348010
0.347820
0.335759
0.348036
0.347856
0.347923
0.335809
0.335851
0.347954
0.335828
0.347944
0.347854
0.347919
0.335796
0.347922
0.335878
0.335795
0.348057
0.335754
0.347966
0.347845
0.335845
0.347903
0.323704
0.348180
0.347916
0.335647
0.335841
0.348008
0.335777
0.348039
0.347925
0.347775
0.348009
0.347802
0.348035
0.336834
0.347940
0.347889
0.348020
0.347780
0.347968
0.335702
0.348031
0.335727
0.347893
0.347929
0.323650
0.348168
0.347977
0.335798
0.335754
0.347931
0.347904
0.335829
0.335794
0.348145
0.335621
0.348098
0.347829
0.347956
0.347842
0.347897
0.335806
0.335848
0.347970
0.347942
0.347851
0.347822
0.335854
0.347903
0.347878
0.335847
0.335798
0.348017
0.347894
0.347938
0.347912
0.347789
0.347993
0.335671
0.335933
0.335846
0.347974
0.335772
0.347936
0.347942
0.347917
0.347962
0.347758
0.347898
0.335774
0.335924
0.335753
0.335940
0.348087
0.347923
0.335644
0.335932
0.348029
0.335773
0.347963
0.335723
0.348082
0.347828
0.347814
0.348012
0.347791
0.347882
0.335809
0.348000
0.335741
0.335883
0.347985
0.347831
0.347955
0.335818
0.347932
0.347871
0.335727
0.335992
0.347941
0.347994
0.335710
0.347930
0.348012
0.347878
0.335707
0.335929
0.347971
0.347810
0.347940
0.335743
0.335898
0.335825
0.348084
0.336905
0.348067
0.347728
0.335827
0.347876
0.348028
0.347837
0.347912
0.347809
0.335818
0.348032
0.347870
0.347814
0.335809
0.348022
0.347816
0.347818
0.347970
0.347857
0.347962
0.347907
0.335740
0.335909
0.335756
0.335924
0.335881
0.335929
0.347936
0.347900
0.347936
0.335696
0.348113
0.335672
0.335946
0.347942
0.335703
0.336000
0.347968
0.347876
0.335802
0.335897
0.348017
0.347826
0.335733
0.348067
0.347830
0.347805
0.347952
0.335823
0.335902
0.347936
0.335687
0.348046
0.347867
0.335786
0.335958
0.347884
0.335853
0.347937
0.335714
0.335944
0.335872
0.335993
0.347931
0.335749
0.335975
0.335863
0.335864
0.335904
0.347922
0.335808
0.335868
0.348032
0.347899
0.347929
0.347791
0.347883
0.347969
0.359987
0.347707
0.347868
0.347871
0.347917
0.347914
0.347822
0.347889
0.347871
0.335805
0.348044
0.335743
0.335930
0.335813
0.335840
0.348070
0.347821
0.335834
0.347848
0.335920
0.347929
0.347909
0.336923
0.348028
0.347791
0.335786
0.347968
0.347837
0.347877
0.335850
0.347939
0.347917
0.347837
0.348026
0.347836
0.347836
0.347958
0.347762
0.335763
0.335938
0.347979
0.347865
0.335809
0.347937
0.335739
0.335999
0.335909
0.347927
0.335781
0.347986
0.347827
0.347994
0.347862
0.335692
0.335918
0.348019
0.347844
0.335759
0.348031
0.347853
0.347940
0.347822
0.347862
0.347840
0.335870
0.335853
0.335938
0.347984
0.347888
0.347891
0.347814
0.335804
0.348036
0.347856
0.347837
0.347893
0.347882
0.347922
0.347925
0.347947
0.347796
0.347890
0.347791
0.347908
0.347871
0.348012
0.335629
0.348048
0.347936
0.360015
0.347663
0.335837
0.360126
0.347786
0.335756
0.335894
0.347933
0.347883
0.347855
0.347989
0.347923
0.335605
0.348148
0.347842
0.347899
0.347824
0.347853
0.347860
0.347906
0.347906
0.347868
0.347924
0.347942
0.347882
0.347787
0.335767
0.347960
0.348009
0.347834
0.347739
0.347984
0.347878
0.336937
0.347819
0.335869
0.347965
0.347893
0.347893
0.347868
0.347897
0.347973
0.347914
0.347795
0.347806
0.347928
0.347895
0.347854
0.347833
0.335872
0.347900
0.335841
0.347933
0.347902
0.348016
0.347726
0.347930
0.335740
0.335831
0.348023
0.347905
0.347905
0.347884
0.347868
0.347848
0.347943
0.335823
0.347945
0.347897
0.347887
0.347877
0.347911
0.347875
0.347866
0.335781
0.335867
0.347980
0.347918
0.335792
0.335843
0.335870
0.347996
0.335716
0.348146
0.347801
0.335784
0.347966
0.347953
0.347801
0.347865
0.335851
0.335839
0.335858
0.348018
0.347847
0.348047
0.347805
0.335694
0.335823
0.348075
0.347860
0.347972
0.335735
0.335871
0.348070
0.347754
0.335879
0.335728
0.335982
0.335846
0.335842
0.348076
0.335691
0.335805
0.335911
0.348078
0.347849
0.335828
0.347967
0.335831
0.335911
0.347939
0.347907
0.335759
0.348075
0.347807
0.347878
0.347835
0.347936
0.347757
0.347942
0.347905
0.347909
0.348967
0.347851
0.347944
0.347875
0.347885
0.335830
0.335855
0.347944
0.347877
0.335835
0.347897
0.335882
0.347858
0.348018
0.347818
0.335804
0.323733
0.348128
0.335769
0.348093
0.335638
0.348046
0.347898
0.335761
0.335886
0.348040
0.347895
0.335678
0.348177
0.347731
0.347854
0.347912
0.347799
0.348036
0.335734
0.335766
0.348001
0.335893
0.347942
0.347885
0.347871
0.347922
0.347826
0.347859
0.347875
0.335784
0.348054
0.347894
0.347815
0.347966
0.347799
0.347906
0.347936
0.347903
0.335672
0.348054
0.347838
0.348039
0.347849
0.347775
0.335799
0.347990
0.347828
0.347826
0.360174
0.347712
0.347967
0.347811
0.347773
0.348012
0.347850
0.347908
0.347901
0.335691
0.348076
0.347814
0.347923
0.335726
0.335980
0.335853
0.335847
0.347943
0.335851
0.347942
0.335790
0.335814
0.335909
0.335949
0.347987
0.335743
0.335910
0.348129
0.335697
0.335806
0.335907
0.347968
0.347861
0.335846
0.347995
0.335652
0.336967
0.347897
0.347860
0.347860
0.347949
0.347910
0.347876
0.335780
0.335870
0.348136
0.347662
0.335761
0.348033
0.347846
0.347913
0.335741
0.347993
0.335826
0.335908
0.335884
0.347920
0.347855
0.335825
0.360123
0.347879
0.347749
0.347837
0.347943
0.335765
0.347960
0.347971
0.347787
0.347903
0.347998
0.347750
0.347929
0.360209
0.347579
0.347758
0.347944
0.335785
0.335970
0.347946
0.335747
0.348043
0.335631
0.348074
0.347961
0.347855
0.347855
0.347916
0.335665
0.348042
0.348009
0.347734
0.323692
0.348092
0.348020
0.347750
0.347888
0.347889
0.347894
0.347893
0.347855
0.347973
0.335697
0.335930
0.347997
0.347857
0.347921
0.348059
0.347727
0.347902
0.347937
0.347813
0.347876
0.347772
0.347865
0.335809
0.335880
0.347840
0.335763
0.335846
0.348331
0.347490
0.335779
0.335826
0.348056
0.347741
0.347904
0.335697
0.335814
0.335860
0.335762
0.336049
0.347987
0.347723
0.335669
0.347816
0.347869
0.348987
0.335801
0.348030
0.335691
0.347958
0.348018
0.335556
0.348123
0.348054
0.347787
0.347809
0.347819
0.335880
0.348002
0.347861
0.348021
0.347617
0.335826
0.335864
0.348032
0.347854
0.335894
0.347897
0.335856
0.347868
0.348021
0.347744
0.347990
0.347824
0.347864
0.347905
0.360006
0.347740
0.347922
0.347799
0.347891
0.348015
0.347751
0.347912
0.347896
0.347946
0.335722
0.348132
0.335576
0.347962
0.335860
0.335822
0.336015
0.347960
0.347831
0.347846
0.347885
0.335777
0.347952
0.347998
0.347821
0.347888
0.347873
0.347956
0.347865
0.347867
0.347793
0.347865
0.335850
0.347952
0.347947
0.347885
0.335717
0.348011
0.347812
0.347918
0.347941
0.347987
0.335691
0.347914
0.347860
0.360202
0.347702
0.335714
0.347926
0.348052
0.347819
0.347866
0.360071
0.347667
0.347924
0.347755
0.347975
0.347908
0.347825
0.348053
0.347737
0.347837
0.347870
0.348019
0.347857
0.347880
0.335776
0.347994
0.347792
